# 2021-01-17_2021-01-18
# H+ fit results: u_sw [m s-1], T [K], 1_kappa, n [m-3], L 
313531.02308730094 10762.06980684619 0.425992156636933 2296.054890343914 134.0934530657505
# He2+ fit results: u_He [m s-1], T_He [K], n [m-3], L 
312284.634130911 203117.4754040167 99.06304627005369 35.89630672411295
# Hep model results: n_Hep [m-3]
0.528914855097644
# PUI H+ fit results: alpha, v_b [m s-1], bkg_rate [s-1], beta_0 [s-1], L, bkg_counts, S 
2.10700931688708 329638.6884344963 0.1038850171895332 6.326570702720216e-07 160.8548766004069 52.02146120783065 0.9835856783514851
# PUI He+ calculations results: beta_0, beta_0_err, beta_wh_bin 
1.9511755816629586e-07 1.3183187032735788e-08 56
# New Horizons velocities: v_x [m s-1], v_y [m s-1], v_z [m s-1] 
-1401.0914883723115 -35.84552671614972 13832.247927919205
# solar wind velocities (u_sw): u_sw_x [m s-1], u_sw_y [m s-1], u_sw_z [m s-1] 
1183.0089845942084 -207.12855799122838 313528.7228080906
# H+ model counts 
0.0010515130597251005 0.0012880536882436014 0.0015421051717792727 0.0021961757872050905 0.003027491826152045 0.003510488491343108 0.004624476863322407 0.006901777124099529 0.008781932691440082 0.012353297529002508 0.016986899715012462 0.02305738497863124 0.030685672938835878 0.04409446200011028 0.06275174959074213 0.09470592142464429 0.13765900118200375 0.20681026641003153 0.31777710731697806 0.5182611435556562 0.8315725149477897 1.3671073251353494 2.478355398098937 4.626270993284104 8.949843817284384 19.46018724952546 43.24189397399221 116.71914040282773 369.29774821172055 1534.9332817488769 9116.582879116026 98815.33156147195 571133.2097183017 353376.631947393 33674.65313315452 3732.8893958388835 715.6755917838971 194.87938923647653 67.3261308081312 27.535079747883575 12.656395717189017 6.294975106159167 3.3751150179842653 1.882871875291416 1.1063360776637285 0.6739524954649088 0.42299987947768436 0.2750460151082176 0.18347529386507275 0.12603411065306272 0.08817100842836838 0.06323609332402572 0.04584283987965556 0.03394080035906565 0.025511850528829927 0.019405200266332693 0.014912074959625739 0.01156260677400505 0.009035208636710087 0.007119823784948459 0.005645700714164474 0.00450698464584156 0.003617258877618106 0.003194725027510757
# He2+ model counts 
0.000145474128427277 0.0001737531334090444 0.0002032150105848519 0.0002762175528271637 0.0003640011520001396 0.00041263432880004567 0.0005211980739894019 0.0007298850376940637 0.0008912882131251455 0.00118061256710729 0.0015302011298873924 0.0019569995489085675 0.0024576772428571763 0.0032712030462496993 0.0043035277585657325 0.0058963497889756855 0.0078075640756146 0.010535634364839268 0.014352714062377616 0.02022502458148493 0.02789691223397171 0.038707720225609615 0.0564866433677214 0.0825274645066504 0.12081947544594086 0.18452773714790247 0.2769327074063481 0.44165746726359595 0.7196577878091357 1.2212061686843887 2.1248132145682685 3.9379992408150084 7.544913950278558 15.846752079921199 36.230750763411905 92.97297776821891 270.4559045675924 903.7071796713113 3171.1573961739605 8468.859665011267 10658.80662001332 5345.84721465033 1589.3390528388425 427.9572166599076 132.68251606181616 47.529684295058 19.254192279617076 8.770946009473855 4.3434245992176495 2.3262108466223825 1.311669474493491 0.7838490025078236 0.48350955427129105 0.31179421972541665 0.2077457965064803 0.1420703935905856 0.0993429242659658 0.07082035901546246 0.051330994447098 0.03782225906489207 0.028229347008419114 0.021340244721444614 0.01630212810739352 0.014032594286771423
# He+ model counts 
1.4609540428538848e-07 1.7227637074172102e-07 1.9911482268758758e-07 2.6432497785464076e-07 3.404757501976701e-07 3.815759554520757e-07 4.7183970008698223e-07 6.39902168017546e-07 7.65425525236785e-07 9.8385428068643e-07 1.2381914234660369e-06 1.5376116306118171e-06 1.8767845490800174e-06 2.406676853554841e-06 3.0488305972299795e-06 3.9902850813158e-06 5.059255071363369e-06 6.500552112597075e-06 8.39292844969198e-06 1.1101115634642518e-05 1.4371345261046998e-05 1.8619229373050283e-05 2.4984636455754293e-05 3.336494084540513e-05 4.4359519329732e-05 6.046208062687697e-05 8.075086578544663e-05 0.00011173844127187607 0.00015537491904251224 0.00021950602312281303 0.00031109863633548707 0.00045186020794789274 0.0006579320758761876 0.000989719605825311 0.0015225300425098045 0.0024195378595350055 0.003967237738599402 0.006778975103283834 0.012096963336261446 0.022626913062924733 0.04498977392459825 0.09751823577764827 0.22801274321837145 0.6103777011092323 1.8370067978571434 6.225907100488121 20.434815314206737 41.17713031139691 34.158692288522055 12.875454949735701 3.5126477710859176 1.029053818890378 0.34187092214484877 0.13400900081699982 0.059452159151869854 0.02900646525861835 0.01527130725550664 0.008553895469394474 0.005039219049515177 0.003105166141360581 0.0019818944036476085 0.0013060385953096965 0.0008833977467914067 0.0007144540567604706
# PUI H model counts 
6.220169372661593 7.086890092633535 7.926473480405409 9.904225269365321 12.052402314521157 13.13869070606692 15.42961267347236 19.431967430510692 22.235038482053564 26.732535020724413 31.693291503670075 36.98426284902218 42.68208084111052 50.88868113257426 59.975079828036876 72.14339010140903 84.4695340322939 99.70383713507124 117.01391543197263 139.38377213532968 161.95345979592832 188.1460982407472 219.94617369503158 255.32937019637475 291.0153619427056 333.04532383732464 370.9698755077622 415.3627186444598 460.4774655902776 512.266473162346 573.7444758693055 648.0318190968917 734.3171742911163 841.0181625807186 972.1421916799592 1143.0745199469748 1363.6439646620572 1630.9448667897595 1915.5836731971676 2189.584531629592 2442.2591288196663 2668.946719489148 2843.5700734789584 2969.6372793187243 3027.1557626317294 2991.569617789925 2811.7096006420566 2338.2121574657285 1183.8267999896505 101.30206007617439 0.00025125167805310907 0.0 0.0 0.0 0.0 0.0 0.0 0.0 0.0 0.0 0.0 0.0 0.0 0.0
# PUI He model counts 
0.019004670324438446 0.021863419117606704 0.02470226742841364 0.031356292795758745 0.03870524404290615 0.04246975909198465 0.05040003416328897 0.06305560820024951 0.07153987139931327 0.08545267346239428 0.10049646299072491 0.11696825456927233 0.1344029883313699 0.1597843190732591 0.18806310960307307 0.22596241055030927 0.26504452014275676 0.3130366398108856 0.3696567366959916 0.4421184355409711 0.5199846660132341 0.6087341326563831 0.7269313949782154 0.8599167801495726 1.011032348133853 1.1997798015716092 1.398656705431623 1.6565412540983098 1.9509959780745856 2.306322969129886 2.703096581811328 3.190871552627123 3.7270353431435366 4.391733441001098 5.157325498467916 6.093221141977701 7.173407359725675 8.481596820620066 9.983831913488567 11.759234356502061 13.77878944340416 16.178949858464826 18.75126421918454 21.63659587249391 24.534915465891196 27.13896374785121 29.470988157592423 32.46490916701896 36.99814662989678 43.339389748696426 50.32768866769721 56.29651254704608 61.783380755053884 66.94492217909335 72.03341997471672 77.10658335022467 82.02781736940929 86.54601697021123 90.24167520593161 92.54045068975773 92.48670151604603 88.2895323962275 75.63405682694096 60.062059362830624
